
================================================================================
Pass@1 by Mutation Type [DEV_REPORT queries]
================================================================================

  Budget = 2000
  Mut. Type                        bca        bca_d1        bca_d5  bca_no_closu  bca_no_scori          bm25  no_retrieval      keyword_map        vector    N
  -----------------------------------------------------------------------------------------------------------------------------------------------------------
  arithmetic_swap                 0.11          0.11          0.11          0.11          0.22          0.00          0.00          0.33          0.22     9
  boolean_flip                    0.12          0.15          0.15          0.15          0.10          0.10          0.05          0.29          0.15    41
  comparison_swap                 0.09          0.11          0.06          0.11          0.09          0.09          0.03          0.09          0.17    35
  condition_inversion             0.12          0.14          0.09          0.12          0.05          0.21          0.05          0.21          0.30    43
  constant_mutation               0.25          0.20          0.20          0.20          0.10          0.35          0.05          0.30          0.35    20
  handcrafted                     0.14          0.14          0.14          0.14          0.21          0.43          0.00          0.36          0.29    14
  membership_swap                 0.00          0.00          0.00          0.00          0.00          0.00          0.00          0.00          0.50     2
  none_check_swap                 0.03          0.03          0.03          0.03          0.07          0.12          0.00          0.10          0.12    58
  return_value_swap               0.00          0.00          0.00          0.00          0.00          0.00          0.00          0.00          0.00     2
  value_swap                      0.14          0.14          0.14          0.14          0.14          0.19          0.00          0.10          0.29    21

  Budget = 10000
  Mut. Type                        bca        bca_d1        bca_d5  bca_no_closu  bca_no_scori          bm25  no_retrieval      keyword_map        vector    N
  -----------------------------------------------------------------------------------------------------------------------------------------------------------
  arithmetic_swap                 0.11          0.33          0.11          0.11          0.11          0.00          0.00          0.33          0.22     9
  boolean_flip                    0.24          0.24          0.22          0.20          0.20          0.15          0.05          0.27          0.20    41
  comparison_swap                 0.20          0.11          0.14          0.26          0.09          0.20          0.03          0.09          0.17    35
  condition_inversion             0.26          0.26          0.26          0.26          0.12          0.26          0.05          0.21          0.23    43
  constant_mutation               0.45          0.45          0.45          0.50          0.35          0.45          0.05          0.30          0.35    20
  handcrafted                     0.43          0.43          0.43          0.50          0.21          0.36          0.00          0.36          0.50    14
  membership_swap                 0.50          0.50          0.50          0.50          0.00          0.50          0.00          0.00          0.50     2
  none_check_swap                 0.12          0.16          0.09          0.14          0.09          0.07          0.00          0.09          0.14    58
  return_value_swap               0.00          0.50          0.00          0.00          0.00          0.00          0.00          0.50          0.00     2
  value_swap                      0.24          0.29          0.14          0.24          0.05          0.24          0.00          0.14          0.38    21

================================================================================
Pass@1 by Category [DEV_REPORT queries]
================================================================================

  Budget = 2000
  Category                         bca        bca_d1        bca_d5  bca_no_closu  bca_no_scori          bm25  no_retrieval      keyword_map        vector    N
  -----------------------------------------------------------------------------------------------------------------------------------------------------------
  auth                            0.11          0.11          0.11          0.11          0.11          0.11          0.00          0.22          0.33     9
  builtin_tools                   0.00          0.00          0.00          0.00          0.00          0.00          0.00          0.00          0.00     3
  cli                             0.00          0.00          0.00          0.00          0.00          0.00          0.00          0.00          0.00    11
  client                          0.00          0.00          0.00          0.00          0.00          0.00          0.00          0.00          0.00     5
  concurrency                     0.00          0.00          0.00          0.00          0.00          0.00          0.00          0.11          0.00     9
  config                          0.27          0.40          0.27          0.33          0.27          0.33          0.13          0.20          0.60    15
  content                         0.00          0.00          0.00          0.00          0.09          0.27          0.00          0.27          0.18    11
  decoders                        0.00          0.00          0.00          0.00          0.00          0.18          0.00          0.00          0.27    11
  direct_api                      0.11          0.22          0.11          0.22          0.11          0.11          0.11          0.11          0.11     9
  exceptions                      0.50          0.50          0.50          0.50          0.50          0.00          0.00          0.25          0.00     4
  json_schema                     0.33          0.44          0.33          0.33          0.33          0.33          0.00          0.00          0.00     9
  messages                        0.00          0.00          0.00          0.00          0.11          0.22          0.00          0.22          0.33     9
  models                          0.00          0.00          0.00          0.00          0.00          0.00          0.20          0.60          0.00     5
  multipart                       0.00          0.00          0.00          0.00          0.00          0.00          0.00          0.08          0.00    13
  parts_manager                   0.00          0.00          0.00          0.00          0.00          0.00          0.00          0.00          0.00    12
  retries                         0.71          0.71          0.71          0.71          0.00          0.14          0.14          0.57          0.29     7
  ssrf                            0.05          0.05          0.05          0.05          0.05          0.58          0.00          0.53          0.53    19
  thinking                        0.00          0.00          0.00          0.00          1.00          0.00          0.00          1.00          1.00     2
  tools                           0.00          0.00          0.00          0.00          0.00          0.00          0.00          0.00          0.00    10
  transports                      0.10          0.05          0.05          0.05          0.00          0.30          0.05          0.15          0.30    20
  ui                              0.00          0.00          0.00          0.00          0.00          0.00          0.00          0.00          0.00     3
  url_parsing                     0.00          0.00          0.00          0.00          0.12          0.00          0.00          0.12          0.25     8
  usage                           0.00          0.00          0.00          0.00          0.00          0.21          0.00          0.14          0.14    14
  utils                           0.27          0.23          0.23          0.27          0.23          0.08          0.00          0.27          0.27    26

  Budget = 10000
  Category                         bca        bca_d1        bca_d5  bca_no_closu  bca_no_scori          bm25  no_retrieval      keyword_map        vector    N
  -----------------------------------------------------------------------------------------------------------------------------------------------------------
  auth                            0.11          0.11          0.22          0.11          0.22          0.11          0.00          0.22          0.33     9
  builtin_tools                   0.00          0.00          0.00          0.00          0.00          0.00          0.00          0.00          0.00     3
  cli                             0.09          0.09          0.09          0.09          0.09          0.09          0.00          0.00          0.00    11
  client                          0.00          0.20          0.00          0.00          0.00          0.00          0.00          0.20          0.00     5
  concurrency                     0.22          0.33          0.22          0.33          0.00          0.11          0.00          0.00          0.00     9
  config                          0.33          0.27          0.33          0.27          0.13          0.47          0.13          0.27          0.53    15
  content                         0.27          0.27          0.18          0.27          0.27          0.18          0.00          0.18          0.18    11
  decoders                        0.36          0.18          0.36          0.27          0.18          0.18          0.00          0.00          0.45    11
  direct_api                      0.22          0.33          0.22          0.33          0.22          0.22          0.11          0.00          0.11     9
  exceptions                      0.50          0.50          0.50          0.50          0.50          0.00          0.00          0.25          0.00     4
  json_schema                     0.22          0.22          0.22          0.22          0.22          0.22          0.00          0.00          0.11     9
  messages                        0.33          0.33          0.33          0.22          0.11          0.44          0.00          0.22          0.22     9
  models                          0.20          0.00          0.00          0.20          0.60          0.00          0.20          0.40          0.00     5
  multipart                       0.00          0.00          0.00          0.00          0.00          0.00          0.00          0.00          0.00    13
  parts_manager                   0.00          0.08          0.00          0.08          0.00          0.00          0.00          0.08          0.08    12
  retries                         0.57          0.57          0.57          0.57          0.57          0.14          0.14          0.86          0.29     7
  ssrf                            0.79          0.79          0.74          0.79          0.11          0.63          0.00          0.58          0.58    19
  thinking                        0.00          1.00          0.00          0.00          0.00          0.00          0.00          1.00          1.00     2
  tools                           0.00          0.00          0.00          0.00          0.00          0.00          0.00          0.00          0.00    10
  transports                      0.25          0.30          0.20          0.30          0.25          0.40          0.05          0.20          0.30    20
  ui                              0.00          0.00          0.00          0.00          0.00          0.00          0.00          0.00          0.00     3
  url_parsing                     0.12          0.12          0.12          0.00          0.00          0.12          0.00          0.12          0.25     8
  usage                           0.07          0.00          0.14          0.07          0.14          0.21          0.00          0.07          0.36    14
  utils                           0.19          0.23          0.00          0.31          0.00          0.04          0.00          0.23          0.23    26