
==========================================================================================
Pass@1 with 95% Bootstrap CI [EXACT queries]
==========================================================================================
Method                        B=2000          B=8000      Avg
------------------------------------------------------------------------------------------
bca                   0.83[0.50,1.00]  0.83[0.50,1.00]      0.83
bca_d1                0.83[0.50,1.00]  1.00[1.00,1.00]      0.92
bca_d5                1.00[1.00,1.00]  1.00[1.00,1.00]      1.00
bca_no_closure        0.83[0.50,1.00]  0.83[0.50,1.00]      0.83
bca_no_scoring        0.83[0.50,1.00]  0.83[0.50,1.00]      0.83
bm25                  0.67[0.33,1.00]  0.67[0.33,1.00]      0.67
no_retrieval          0.50[0.17,0.83]  0.50[0.17,0.83]      0.50
repo_map              0.67[0.33,1.00]  0.83[0.50,1.00]      0.75
vector                0.83[0.50,1.00]  1.00[1.00,1.00]      0.92
oracle                          1.00            1.00      1.00

==========================================================================================
Pass@1 with 95% Bootstrap CI [VAGUE queries]
==========================================================================================
Method                        B=2000          B=8000      Avg
------------------------------------------------------------------------------------------
bca                   0.17[0.00,0.50]  0.17[0.00,0.50]      0.17
bca_d1                0.00[0.00,0.00]  0.33[0.00,0.67]      0.17
bca_d5                0.17[0.00,0.50]  0.17[0.00,0.50]      0.17
bca_no_closure        0.17[0.00,0.50]  0.17[0.00,0.50]      0.17
bca_no_scoring        0.33[0.00,0.67]  0.17[0.00,0.50]      0.25
bm25                  0.50[0.17,0.83]  0.33[0.00,0.67]      0.42
no_retrieval          0.00[0.00,0.00]  0.00[0.00,0.00]      0.00
repo_map              0.33[0.00,0.67]  0.33[0.00,0.67]      0.33
vector                0.17[0.00,0.50]  0.17[0.00,0.50]      0.17
oracle                          0.67            0.50      0.58