
================================================================================
Pass@1 by Mutation Type [DEV_REPORT queries]
================================================================================

  Budget = 2000
  Mut. Type                        bca        bca_d1        bca_d5  bca_no_closu  bca_no_scori          bm25     embedding   keyword_map  no_retrieval        vector    N
  -------------------------------------------------------------------------------------------------------------------------------------------------------------------------
  arithmetic_swap                 0.11          0.11          0.11          0.11          0.22          0.00          0.44          0.33          0.00          0.22     9
  boolean_flip                    0.12          0.15          0.15          0.15          0.10          0.10          0.12          0.29          0.05          0.15    41
  comparison_swap                 0.09          0.11          0.06          0.11          0.09          0.09          0.29          0.09          0.03          0.17    35
  condition_inversion             0.12          0.14          0.09          0.12          0.05          0.21          0.19          0.21          0.05          0.30    43
  constant_mutation               0.25          0.20          0.20          0.20          0.10          0.35          0.45          0.30          0.05          0.35    20
  handcrafted                     0.14          0.14          0.14          0.14          0.21          0.43          0.57          0.36          0.00          0.29    14
  membership_swap                 0.00          0.00          0.00          0.00          0.00          0.00          0.50          0.00          0.00          0.50     2
  none_check_swap                 0.03          0.03          0.03          0.03          0.07          0.12          0.07          0.10          0.00          0.12    58
  return_value_swap               0.00          0.00          0.00          0.00          0.00          0.00          0.00          0.00          0.00          0.00     2
  value_swap                      0.14          0.14          0.14          0.14          0.14          0.19          0.33          0.10          0.00          0.29    21

  Budget = 10000
  Mut. Type                        bca        bca_d1        bca_d5  bca_no_closu  bca_no_scori          bm25     embedding   keyword_map  no_retrieval        vector    N
  -------------------------------------------------------------------------------------------------------------------------------------------------------------------------
  arithmetic_swap                 0.11          0.33          0.11          0.11          0.11          0.00          0.56          0.33          0.00          0.22     9
  boolean_flip                    0.24          0.24          0.22          0.20          0.20          0.15          0.34          0.27          0.05          0.20    41
  comparison_swap                 0.20          0.11          0.14          0.26          0.09          0.20          0.34          0.09          0.03          0.17    35
  condition_inversion             0.26          0.26          0.26          0.26          0.12          0.26          0.21          0.21          0.05          0.23    43
  constant_mutation               0.45          0.45          0.45          0.50          0.35          0.45          0.45          0.30          0.05          0.35    20
  handcrafted                     0.43          0.43          0.43          0.50          0.21          0.36          0.50          0.36          0.00          0.50    14
  membership_swap                 0.50          0.50          0.50          0.50          0.00          0.50          0.50          0.00          0.00          0.50     2
  none_check_swap                 0.12          0.16          0.09          0.14          0.09          0.07          0.16          0.09          0.00          0.14    58
  return_value_swap               0.00          0.50          0.00          0.00          0.00          0.00          0.00          0.50          0.00          0.00     2
  value_swap                      0.24          0.29          0.14          0.24          0.05          0.24          0.38          0.14          0.00          0.38    21

================================================================================
Pass@1 by Category [DEV_REPORT queries]
================================================================================

  Budget = 2000
  Category                         bca        bca_d1        bca_d5  bca_no_closu  bca_no_scori          bm25     embedding   keyword_map  no_retrieval        vector    N
  -------------------------------------------------------------------------------------------------------------------------------------------------------------------------
  auth                            0.11          0.11          0.11          0.11          0.11          0.11          0.00          0.22          0.00          0.33     9
  builtin_tools                   0.00          0.00          0.00          0.00          0.00          0.00          0.00          0.00          0.00          0.00     3
  cli                             0.00          0.00          0.00          0.00          0.00          0.00          0.18          0.00          0.00          0.00    11
  client                          0.00          0.00          0.00          0.00          0.00          0.00          0.40          0.00          0.00          0.00     5
  concurrency                     0.00          0.00          0.00          0.00          0.00          0.00          0.00          0.11          0.00          0.00     9
  config                          0.27          0.40          0.27          0.33          0.27          0.33          0.67          0.20          0.13          0.60    15
  content                         0.00          0.00          0.00          0.00          0.09          0.27          0.09          0.27          0.00          0.18    11
  decoders                        0.00          0.00          0.00          0.00          0.00          0.18          0.27          0.00          0.00          0.27    11
  direct_api                      0.11          0.22          0.11          0.22          0.11          0.11          0.11          0.11          0.11          0.11     9
  exceptions                      0.50          0.50          0.50          0.50          0.50          0.00          0.25          0.25          0.00          0.00     4
  json_schema                     0.33          0.44          0.33          0.33          0.33          0.33          0.44          0.00          0.00          0.00     9
  messages                        0.00          0.00          0.00          0.00          0.11          0.22          0.33          0.22          0.00          0.33     9
  models                          0.00          0.00          0.00          0.00          0.00          0.00          0.00          0.60          0.20          0.00     5
  multipart                       0.00          0.00          0.00          0.00          0.00          0.00          0.15          0.08          0.00          0.00    13
  parts_manager                   0.00          0.00          0.00          0.00          0.00          0.00          0.00          0.00          0.00          0.00    12
  retries                         0.71          0.71          0.71          0.71          0.00          0.14          0.14          0.57          0.14          0.29     7
  ssrf                            0.05          0.05          0.05          0.05          0.05          0.58          0.68          0.53          0.00          0.53    19
  thinking                        0.00          0.00          0.00          0.00          1.00          0.00          1.00          1.00          0.00          1.00     2
  tools                           0.00          0.00          0.00          0.00          0.00          0.00          0.00          0.00          0.00          0.00    10
  transports                      0.10          0.05          0.05          0.05          0.00          0.30          0.05          0.15          0.05          0.30    20
  ui                              0.00          0.00          0.00          0.00          0.00          0.00          0.00          0.00          0.00          0.00     3
  url_parsing                     0.00          0.00          0.00          0.00          0.12          0.00          0.00          0.12          0.00          0.25     8
  usage                           0.00          0.00          0.00          0.00          0.00          0.21          0.21          0.14          0.00          0.14    14
  utils                           0.27          0.23          0.23          0.27          0.23          0.08          0.27          0.27          0.00          0.27    26

  Budget = 10000
  Category                         bca        bca_d1        bca_d5  bca_no_closu  bca_no_scori          bm25     embedding   keyword_map  no_retrieval        vector    N
  -------------------------------------------------------------------------------------------------------------------------------------------------------------------------
  auth                            0.11          0.11          0.22          0.11          0.22          0.11          0.11          0.22          0.00          0.33     9
  builtin_tools                   0.00          0.00          0.00          0.00          0.00          0.00          0.00          0.00          0.00          0.00     3
  cli                             0.09          0.09          0.09          0.09          0.09          0.09          0.18          0.00          0.00          0.00    11
  client                          0.00          0.20          0.00          0.00          0.00          0.00          0.40          0.20          0.00          0.00     5
  concurrency                     0.22          0.33          0.22          0.33          0.00          0.11          0.00          0.00          0.00          0.00     9
  config                          0.33          0.27          0.33          0.27          0.13          0.47          0.60          0.27          0.13          0.53    15
  content                         0.27          0.27          0.18          0.27          0.27          0.18          0.18          0.18          0.00          0.18    11
  decoders                        0.36          0.18          0.36          0.27          0.18          0.18          0.55          0.00          0.00          0.45    11
  direct_api                      0.22          0.33          0.22          0.33          0.22          0.22          0.00          0.00          0.11          0.11     9
  exceptions                      0.50          0.50          0.50          0.50          0.50          0.00          0.00          0.25          0.00          0.00     4
  json_schema                     0.22          0.22          0.22          0.22          0.22          0.22          0.22          0.00          0.00          0.11     9
  messages                        0.33          0.33          0.33          0.22          0.11          0.44          0.33          0.22          0.00          0.22     9
  models                          0.20          0.00          0.00          0.20          0.60          0.00          0.20          0.40          0.20          0.00     5
  multipart                       0.00          0.00          0.00          0.00          0.00          0.00          0.15          0.00          0.00          0.00    13
  parts_manager                   0.00          0.08          0.00          0.08          0.00          0.00          0.17          0.08          0.00          0.08    12
  retries                         0.57          0.57          0.57          0.57          0.57          0.14          0.86          0.86          0.14          0.29     7
  ssrf                            0.79          0.79          0.74          0.79          0.11          0.63          0.68          0.58          0.00          0.58    19
  thinking                        0.00          1.00          0.00          0.00          0.00          0.00          1.00          1.00          0.00          1.00     2
  tools                           0.00          0.00          0.00          0.00          0.00          0.00          0.00          0.00          0.00          0.00    10
  transports                      0.25          0.30          0.20          0.30          0.25          0.40          0.30          0.20          0.05          0.30    20
  ui                              0.00          0.00          0.00          0.00          0.00          0.00          0.00          0.00          0.00          0.00     3
  url_parsing                     0.12          0.12          0.12          0.00          0.00          0.12          0.38          0.12          0.00          0.25     8
  usage                           0.07          0.00          0.14          0.07          0.14          0.21          0.29          0.07          0.00          0.36    14
  utils                           0.19          0.23          0.00          0.31          0.00          0.04          0.31          0.23          0.00          0.23    26

================================================================================
Pass@1 by Mutation Type [EXACT queries]
================================================================================

  Budget = 2000
  Mut. Type                        bca        bca_d1        bca_d5  bca_no_closu  bca_no_scori          bm25     embedding   keyword_map  no_retrieval        vector    N
  -------------------------------------------------------------------------------------------------------------------------------------------------------------------------
  arithmetic_swap                 0.56          0.67          0.44          0.56          0.44          0.78          0.78          0.89          1.00          0.89     9
  boolean_flip                    0.46          0.39          0.39          0.54          0.44          0.73          0.71          0.68          0.88          0.73    41
  comparison_swap                 0.83          0.74          0.86          0.83          0.66          0.80          0.91          0.83          0.97          0.80    35
  condition_inversion             0.53          0.47          0.56          0.53          0.53          0.70          0.74          0.60          0.88          0.86    43
  constant_mutation               0.40          0.35          0.45          0.35          0.40          0.55          0.90          0.65          0.90          0.80    20
  handcrafted                     0.71          0.79          0.79          0.71          0.79          0.64          0.93          0.71          0.00          0.93    14
  membership_swap                 0.50          1.00          1.00          1.00          0.50          1.00          1.00          0.50          1.00          1.00     2
  none_check_swap                 0.48          0.34          0.53          0.57          0.41          0.69          0.66          0.78          0.97          0.66    58
  return_value_swap               0.00          0.00          0.00          0.00          0.00          0.50          0.50          0.00          1.00          0.00     2
  value_swap                      0.24          0.29          0.33          0.33          0.24          0.62          0.67          0.76          0.76          0.48    21

  Budget = 10000
  Mut. Type                        bca        bca_d1        bca_d5  bca_no_closu  bca_no_scori          bm25     embedding   keyword_map  no_retrieval        vector    N
  -------------------------------------------------------------------------------------------------------------------------------------------------------------------------
  arithmetic_swap                 0.89          0.67          1.00          0.89          0.78          0.89          1.00          0.67          1.00          0.89     9
  boolean_flip                    0.66          0.61          0.76          0.85          0.63          0.76          0.80          0.76          0.88          0.76    41
  comparison_swap                 0.80          0.80          0.80          0.71          0.74          0.89          0.86          0.83          0.97          0.80    35
  condition_inversion             0.74          0.63          0.63          0.77          0.65          0.77          0.77          0.79          0.88          0.88    43
  constant_mutation               0.75          0.80          0.80          0.75          0.70          0.65          1.00          0.75          0.90          0.85    20
  handcrafted                     0.79          0.93          0.71          0.79          0.79          0.64          1.00          0.71          0.00          0.86    14
  membership_swap                 1.00          0.50          1.00          0.50          1.00          1.00          1.00          0.50          1.00          1.00     2
  none_check_swap                 0.62          0.67          0.64          0.66          0.62          0.81          0.71          0.72          0.97          0.71    58
  return_value_swap               0.00          0.00          0.00          0.00          0.00          0.00          0.50          0.00          1.00          0.50     2
  value_swap                      0.52          0.62          0.43          0.52          0.52          0.57          0.62          0.71          0.76          0.76    21

================================================================================
Pass@1 by Category [EXACT queries]
================================================================================

  Budget = 2000
  Category                         bca        bca_d1        bca_d5  bca_no_closu  bca_no_scori          bm25     embedding   keyword_map  no_retrieval        vector    N
  -------------------------------------------------------------------------------------------------------------------------------------------------------------------------
  auth                            0.56          0.44          0.33          0.78          0.11          0.67          0.78          0.78          1.00          0.89     9
  builtin_tools                   1.00          1.00          1.00          1.00          1.00          0.67          1.00          0.00          1.00          0.67     3
  cli                             0.91          0.91          0.91          0.82          0.82          0.91          0.82          0.91          1.00          0.82    11
  client                          0.60          0.20          0.40          0.60          0.60          0.80          1.00          0.60          1.00          0.80     5
  concurrency                     0.44          0.44          0.56          0.44          0.44          0.56          0.89          0.44          0.78          0.67     9
  config                          0.73          0.80          0.67          0.73          0.80          0.80          0.93          0.87          0.87          0.87    15
  content                         0.82          0.55          0.64          0.55          0.91          0.82          0.91          0.73          0.91          0.82    11
  decoders                        0.73          0.73          0.64          0.64          0.55          0.91          0.82          0.91          0.91          0.91    11
  direct_api                      0.33          0.11          0.33          0.33          0.22          0.44          0.44          0.56          1.00          0.56     9
  exceptions                      0.75          1.00          1.00          0.75          0.75          0.50          0.75          0.75          0.50          0.75     4
  json_schema                     0.78          0.78          0.89          0.67          0.56          0.56          0.78          0.89          1.00          0.67     9
  messages                        0.56          0.56          0.67          0.67          0.56          0.89          0.67          0.44          0.89          0.78     9
  models                          0.20          0.20          0.20          0.00          0.20          0.80          0.80          0.80          0.00          1.00     5
  multipart                       0.46          0.54          0.46          0.46          0.46          0.77          0.69          0.92          0.77          1.00    13
  parts_manager                   0.08          0.00          0.42          0.42          0.00          0.33          0.58          0.58          1.00          0.58    12
  retries                         0.43          0.14          0.71          0.57          0.00          0.71          0.71          0.71          1.00          0.86     7
  ssrf                            0.74          0.58          0.74          0.68          0.74          0.79          0.89          0.58          0.68          0.89    19
  thinking                        0.00          0.00          0.00          0.00          0.00          1.00          1.00          1.00          1.00          1.00     2
  tools                           0.30          0.40          0.20          0.30          0.40          0.50          0.60          0.70          0.90          0.50    10
  transports                      0.15          0.25          0.15          0.35          0.10          0.50          0.55          0.80          0.85          0.65    20
  ui                              0.33          0.67          0.67          0.67          0.33          1.00          0.67          0.33          1.00          1.00     3
  url_parsing                     0.38          0.12          0.38          0.50          0.50          0.62          0.75          0.62          1.00          0.38     8
  usage                           0.71          0.64          0.64          0.57          0.64          0.79          0.79          0.71          0.64          0.86    14
  utils                           0.42          0.27          0.58          0.65          0.46          0.77          0.77          0.77          0.96          0.50    26

  Budget = 10000
  Category                         bca        bca_d1        bca_d5  bca_no_closu  bca_no_scori          bm25     embedding   keyword_map  no_retrieval        vector    N
  -------------------------------------------------------------------------------------------------------------------------------------------------------------------------
  auth                            1.00          0.78          1.00          0.89          1.00          0.78          0.78          0.67          1.00          0.78     9
  builtin_tools                   1.00          1.00          1.00          1.00          1.00          0.67          0.67          0.00          1.00          0.67     3
  cli                             0.91          0.91          1.00          0.91          0.91          0.91          0.91          1.00          1.00          0.82    11
  client                          0.20          0.60          0.40          0.60          0.20          0.60          1.00          0.60          1.00          1.00     5
  concurrency                     0.56          0.44          0.56          0.44          0.78          0.78          0.78          0.67          0.78          0.78     9
  config                          0.87          0.93          0.73          0.87          0.80          0.87          0.93          0.93          0.87          1.00    15
  content                         0.91          0.82          0.82          0.73          0.91          0.91          0.82          0.73          0.91          0.91    11
  decoders                        0.82          0.64          0.82          0.82          0.82          0.91          0.91          0.73          0.91          0.91    11
  direct_api                      0.44          0.22          0.33          0.89          0.22          0.44          0.56          0.67          1.00          1.00     9
  exceptions                      1.00          1.00          0.75          1.00          1.00          0.50          1.00          0.75          0.50          0.75     4
  json_schema                     0.89          0.67          0.78          0.89          0.78          0.78          0.89          0.89          1.00          0.78     9
  messages                        0.89          0.78          0.89          0.67          0.78          0.67          0.78          0.89          0.89          0.67     9
  models                          0.60          0.80          1.00          1.00          0.80          0.80          0.80          0.80          0.00          1.00     5
  multipart                       0.77          0.77          0.85          0.85          0.92          0.77          0.85          1.00          0.77          0.85    13
  parts_manager                   0.25          0.42          0.00          0.25          0.33          0.67          0.67          0.50          1.00          0.75    12
  retries                         0.71          0.29          1.00          0.86          0.29          0.57          0.86          0.86          1.00          1.00     7
  ssrf                            0.79          0.79          0.89          0.68          0.74          0.79          0.84          0.74          0.68          0.84    19
  thinking                        1.00          0.00          1.00          1.00          0.50          1.00          1.00          1.00          1.00          1.00     2
  tools                           0.20          0.30          0.40          0.40          0.20          0.70          0.60          0.80          0.90          0.60    10
  transports                      0.15          0.65          0.05          0.50          0.00          0.75          0.65          0.80          0.85          0.70    20
  ui                              1.00          1.00          0.33          0.67          1.00          1.00          0.67          0.00          1.00          1.00     3
  url_parsing                     0.88          0.62          0.88          0.50          0.88          0.62          0.88          0.88          1.00          0.38     8
  usage                           0.93          0.93          0.93          0.93          0.93          0.86          0.86          0.29          0.64          0.86    14
  utils                           0.73          0.69          0.77          0.73          0.65          0.77          0.77          0.81          0.96          0.58    26

================================================================================
Pass@1 by Mutation Type [VAGUE queries]
================================================================================

  Budget = 2000
  Mut. Type                        bca        bca_d1        bca_d5  bca_no_closu  bca_no_scori          bm25     embedding   keyword_map  no_retrieval        vector    N
  -------------------------------------------------------------------------------------------------------------------------------------------------------------------------
  arithmetic_swap                 0.22          0.00          0.22          0.22          0.22          0.22          0.22          0.11          0.00          0.22     9
  boolean_flip                    0.00          0.00          0.00          0.00          0.00          0.00          0.00          0.00          0.00          0.00    41
  comparison_swap                 0.03          0.03          0.03          0.03          0.03          0.06          0.26          0.03          0.00          0.03    35
  condition_inversion             0.00          0.00          0.00          0.00          0.00          0.00          0.00          0.00          0.00          0.00    43
  constant_mutation               0.15          0.10          0.15          0.15          0.15          0.15          0.20          0.15          0.00          0.15    20
  handcrafted                     0.07          0.07          0.07          0.07          0.14          0.64          0.57          0.29          0.00          0.14    14
  membership_swap                 0.00          0.00          0.00          0.00          0.00          0.00          0.00          0.00          0.00          0.00     2
  none_check_swap                 0.00          0.00          0.00          0.00          0.00          0.00          0.00          0.00          0.00          0.00    58
  return_value_swap               0.00          0.00          0.00          0.00          0.00          0.00          0.00          0.00          0.00          0.00     2
  value_swap                      0.00          0.00          0.00          0.00          0.00          0.00          0.00          0.00          0.00          0.00    21

  Budget = 10000
  Mut. Type                        bca        bca_d1        bca_d5  bca_no_closu  bca_no_scori          bm25     embedding   keyword_map  no_retrieval        vector    N
  -------------------------------------------------------------------------------------------------------------------------------------------------------------------------
  arithmetic_swap                 0.22          0.00          0.22          0.22          0.11          0.22          0.11          0.22          0.00          0.22     9
  boolean_flip                    0.00          0.00          0.00          0.00          0.00          0.00          0.00          0.00          0.00          0.00    41
  comparison_swap                 0.00          0.00          0.00          0.00          0.00          0.00          0.23          0.00          0.00          0.00    35
  condition_inversion             0.00          0.00          0.00          0.00          0.00          0.00          0.00          0.00          0.00          0.00    43
  constant_mutation               0.00          0.00          0.00          0.00          0.00          0.00          0.20          0.00          0.00          0.00    20
  handcrafted                     0.21          0.21          0.14          0.14          0.21          0.79          0.50          0.36          0.00          0.36    14
  membership_swap                 0.00          0.00          0.00          0.00          0.00          0.00          0.00          0.00          0.00          0.00     2
  none_check_swap                 0.00          0.00          0.00          0.00          0.00          0.00          0.00          0.00          0.00          0.00    58
  return_value_swap               0.00          0.00          0.00          0.00          0.00          0.00          0.00          0.00          0.00          0.00     2
  value_swap                      0.00          0.00          0.00          0.00          0.00          0.00          0.00          0.00          0.00          0.00    21

================================================================================
Pass@1 by Category [VAGUE queries]
================================================================================

  Budget = 2000
  Category                         bca        bca_d1        bca_d5  bca_no_closu  bca_no_scori          bm25     embedding   keyword_map  no_retrieval        vector    N
  -------------------------------------------------------------------------------------------------------------------------------------------------------------------------
  auth                            0.11          0.11          0.11          0.11          0.11          0.11          0.22          0.11          0.00          0.11     9
  builtin_tools                   0.00          0.00          0.00          0.00          0.00          0.00          0.00          0.00          0.00          0.00     3
  cli                             0.00          0.00          0.00          0.00          0.00          0.00          0.18          0.00          0.00          0.00    11
  client                          0.00          0.00          0.00          0.00          0.00          0.20          0.00          0.00          0.00          0.00     5
  concurrency                     0.00          0.00          0.00          0.00          0.00          0.00          0.00          0.00          0.00          0.00     9
  config                          0.00          0.00          0.00          0.00          0.00          0.00          0.07          0.00          0.00          0.00    15
  content                         0.00          0.00          0.00          0.00          0.00          0.00          0.00          0.00          0.00          0.00    11
  decoders                        0.00          0.00          0.00          0.00          0.00          0.00          0.09          0.00          0.00          0.00    11
  direct_api                      0.00          0.00          0.00          0.00          0.00          0.00          0.00          0.00          0.00          0.00     9
  exceptions                      0.00          0.00          0.00          0.00          0.25          0.00          0.50          0.25          0.00          0.00     4
  json_schema                     0.11          0.00          0.11          0.11          0.11          0.11          0.00          0.11          0.00          0.11     9
  messages                        0.00          0.00          0.00          0.00          0.00          0.00          0.00          0.00          0.00          0.00     9
  models                          0.00          0.00          0.00          0.00          0.00          0.00          0.00          0.00          0.00          0.00     5
  multipart                       0.23          0.08          0.23          0.23          0.23          0.23          0.15          0.15          0.00          0.23    13
  parts_manager                   0.00          0.00          0.00          0.00          0.00          0.00          0.00          0.00          0.00          0.00    12
  retries                         0.00          0.00          0.00          0.00          0.00          0.00          0.00          0.00          0.00          0.00     7
  ssrf                            0.05          0.05          0.05          0.05          0.05          0.21          0.16          0.16          0.00          0.11    19
  thinking                        0.00          0.00          0.00          0.00          0.00          0.00          0.00          0.00          0.00          0.00     2
  tools                           0.00          0.00          0.00          0.00          0.00          0.00          0.00          0.00          0.00          0.00    10
  transports                      0.05          0.05          0.05          0.05          0.05          0.05          0.10          0.05          0.00          0.05    20
  ui                              0.00          0.00          0.00          0.00          0.00          0.00          0.00          0.00          0.00          0.00     3
  url_parsing                     0.00          0.00          0.00          0.00          0.00          0.00          0.00          0.00          0.00          0.00     8
  usage                           0.00          0.00          0.00          0.00          0.00          0.36          0.21          0.00          0.00          0.00    14
  utils                           0.00          0.00          0.00          0.00          0.00          0.00          0.19          0.00          0.00          0.00    26

  Budget = 10000
  Category                         bca        bca_d1        bca_d5  bca_no_closu  bca_no_scori          bm25     embedding   keyword_map  no_retrieval        vector    N
  -------------------------------------------------------------------------------------------------------------------------------------------------------------------------
  auth                            0.00          0.00          0.00          0.00          0.00          0.00          0.11          0.00          0.00          0.00     9
  builtin_tools                   0.00          0.00          0.00          0.00          0.00          0.00          0.00          0.00          0.00          0.00     3
  cli                             0.00          0.00          0.00          0.00          0.00          0.00          0.18          0.00          0.00          0.00    11
  client                          0.00          0.00          0.00          0.00          0.00          0.00          0.00          0.00          0.00          0.00     5
  concurrency                     0.00          0.00          0.00          0.00          0.00          0.00          0.00          0.00          0.00          0.00     9
  config                          0.00          0.00          0.00          0.00          0.00          0.00          0.07          0.00          0.00          0.00    15
  content                         0.00          0.00          0.00          0.00          0.00          0.00          0.00          0.00          0.00          0.00    11
  decoders                        0.00          0.00          0.00          0.00          0.00          0.00          0.09          0.00          0.00          0.00    11
  direct_api                      0.00          0.00          0.00          0.00          0.00          0.00          0.00          0.00          0.00          0.00     9
  exceptions                      0.25          0.25          0.25          0.25          0.25          0.25          0.25          0.25          0.00          0.00     4
  json_schema                     0.00          0.00          0.00          0.00          0.00          0.00          0.00          0.00          0.00          0.00     9
  messages                        0.00          0.00          0.00          0.00          0.00          0.00          0.00          0.00          0.00          0.00     9
  models                          0.00          0.00          0.00          0.00          0.00          0.00          0.00          0.00          0.00          0.00     5
  multipart                       0.15          0.00          0.15          0.15          0.08          0.15          0.08          0.15          0.00          0.15    13
  parts_manager                   0.00          0.00          0.00          0.00          0.00          0.00          0.00          0.00          0.00          0.00    12
  retries                         0.00          0.00          0.00          0.00          0.00          0.00          0.00          0.00          0.00          0.00     7
  ssrf                            0.11          0.11          0.05          0.05          0.11          0.26          0.21          0.16          0.00          0.21    19
  thinking                        0.00          0.00          0.00          0.00          0.00          0.00          0.00          0.00          0.00          0.00     2
  tools                           0.00          0.00          0.00          0.00          0.00          0.00          0.00          0.00          0.00          0.00    10
  transports                      0.00          0.00          0.00          0.00          0.00          0.00          0.10          0.00          0.00          0.00    20
  ui                              0.00          0.00          0.00          0.00          0.00          0.00          0.00          0.00          0.00          0.00     3
  url_parsing                     0.00          0.00          0.00          0.00          0.00          0.00          0.00          0.00          0.00          0.00     8
  usage                           0.00          0.00          0.00          0.00          0.00          0.36          0.14          0.07          0.00          0.07    14
  utils                           0.00          0.00          0.00          0.00          0.00          0.00          0.19          0.00          0.00          0.00    26