
==========================================================================================
Pass@1 with 95% Bootstrap CI [EXACT queries]
==========================================================================================
Method                        B=2000          B=4000          B=8000         B=10000      Avg
------------------------------------------------------------------------------------------
bca                   0.52[0.46,0.59]  0.64[0.58,0.70]  0.69[0.64,0.75]  0.69[0.64,0.75]      0.64
bca_d1                0.47[0.40,0.53]  0.53[0.47,0.60]  0.65[0.60,0.71]  0.69[0.63,0.74]      0.58
bca_d5                0.55[0.49,0.61]  0.64[0.58,0.69]  0.66[0.60,0.72]  0.69[0.63,0.75]      0.63
bca_no_closure        0.56[0.50,0.62]  0.64[0.58,0.70]  0.69[0.63,0.75]  0.72[0.67,0.78]      0.65
bca_no_scoring        0.48[0.42,0.54]  0.63[0.57,0.69]  0.67[0.61,0.73]  0.66[0.60,0.72]      0.61
bm25                  0.70[0.64,0.76]  0.71[0.65,0.76]  0.73[0.68,0.79]  0.76[0.71,0.81]      0.72
no_retrieval          0.86[0.82,0.90]  0.86[0.82,0.90]  0.86[0.82,0.90]  0.86[0.82,0.90]      0.86
repo_map              0.72[0.66,0.78]  0.73[0.67,0.78]  0.75[0.69,0.80]  0.75[0.69,0.80]      0.74
vector                0.74[0.69,0.80]  0.74[0.69,0.80]  0.76[0.71,0.82]  0.79[0.74,0.84]      0.76
oracle                          0.97            0.98            0.97            0.98      0.97

==========================================================================================
Pass@1 with 95% Bootstrap CI [VAGUE queries]
==========================================================================================
Method                        B=2000          B=4000          B=8000         B=10000      Avg
------------------------------------------------------------------------------------------
bca                   0.03[0.01,0.05]  0.01[0.00,0.03]  0.01[0.00,0.02]  0.02[0.00,0.04]      0.02
bca_d1                0.02[0.00,0.03]  0.03[0.01,0.05]  0.04[0.02,0.06]  0.01[0.00,0.03]      0.02
bca_d5                0.03[0.01,0.05]  0.01[0.00,0.03]  0.01[0.00,0.03]  0.02[0.00,0.03]      0.02
bca_no_closure        0.03[0.01,0.05]  0.01[0.00,0.02]  0.02[0.00,0.03]  0.02[0.00,0.03]      0.02
bca_no_scoring        0.03[0.01,0.06]  0.01[0.00,0.02]  0.01[0.00,0.03]  0.02[0.00,0.03]      0.02
bm25                  0.07[0.04,0.10]  0.05[0.02,0.08]  0.04[0.02,0.07]  0.05[0.03,0.09]      0.05
no_retrieval          0.00[0.00,0.00]  0.00[0.00,0.00]  0.00[0.00,0.00]  0.00[0.00,0.00]      0.00
repo_map              0.04[0.02,0.06]  0.04[0.02,0.06]  0.02[0.01,0.04]  0.03[0.01,0.05]      0.03
vector                0.03[0.01,0.06]  0.03[0.01,0.05]  0.03[0.01,0.05]  0.03[0.01,0.05]      0.03
oracle                          0.08            0.07            0.07            0.06      0.07